((("inl" .
   [1 0 0])
  ("INLINE" .
   [0 0 0 2 1 0])
  ("</>" .
   [1 0 0])
  ("master" .
   [3 0 0 1 0 0])
  ("cd" .
   [1 0])
  ("base" .
   [2 0 0 0])
  ("png" .
   [1 0 0])
  ("cp" .
   [2 0])
  ("pngs" .
   [1 0 0 0])
  ("forM_" .
   [1 0 0 0 0])
  ("->" .
   [2 0])
  ("env03" .
   [1 0 0 0 0])
  ("env02" .
   [1 0 0 0 0])
  ("symbol" .
   [2 0 0 0 0 0])
  ("impq" .
   [1 0 0 0])
  ("imp" .
   [1 0 2])
  ("peg" .
   [1 0 0])
  ("t" .
   [1])
  ("pegString" .
   [0 0 0 0 0 0 1 0 0])
  ("initialize" .
   [0 0 0 0 0 1 0 0 0 0])
  ("nestLevel" .
   [0 0 0 1 0 0 0 0 4])
  ("localVar" .
   [0 0 0 0 1 0 0 0])
  ("=@" .
   [1 0])
  ("int" .
   [2 0 0])
  ("update" .
   [1 0 0 0 0 0])
  ("exec" .
   [3 0 0 0])
  ("+=@" .
   [1 0 0])
  ("-=@" .
   [1 0 0])
  ("choice" .
   [1 0 0 0 0 0])
  ("testSem" .
   [1 0 0 0 0 0 0])
  (">>" .
   [1 0])
  ("str" .
   [2 0 0])
  ("symbolic" .
   [1 0 0 0 0 0 0 0])
  ("--" .
   [2 0])
  ("<-" .
   [4 0])
  ("opr" .
   [0 0 4])
  ("o" .
   [2])
  ("op^.opName" .
   [1 0 0 0 0 0 0 0 0 1])
  ("null" .
   [0 0 0 1])
  ("indOps" .
   [0 0 0 0 1 0])
  ("op" .
   [2 0])
  ("opRequireSpace" .
   [0 0 0 0 1 0 0 0 0 0 0 0 0 0])
  ("operators" .
   [0 0 0 0 0 0 1 0 0])
  ("Debug.Trace" .
   [0 0 0 0 1 0 0 0 0 0 0])
  ("skim" .
   [1 0 0 0])
  ("xelatex" .
   [1 0 0 0 0 0 0])))
